-403
215
-279
-121
-387
134
784
-103
-548
-31
350
242
-20
71
572
-249
-85
-213
-50
-201
420
114
406
471
-236
-18
-234
36
226
408
147
-246
387
139
-418
62
-162
133
-656
-86
367
161
-101
132
-290
-218
-97
-114
-306
193
-170
-322
-30
-711
-73
-64
270
122
151
337
521
-465
24
745
333
490
-17
-193
-179
-57
207
134
232
-19
268
-234
-326
-151
-316
157
-325
-210
307
-226
224
132
-333
-28
71
171
138
-386
282
-29
-289
157
-120
25
97
78
401
-139
-14
70
-162
-41
256
-147
555
441
231
148
-323
-20
-34
347
29
382
185
338
-193
147
267
-448
399
171
67
245
373
-65
-939
42
318
-260
199
-116
96
-126
145
-114
71
206
53
-395
205
55
265
-95
-49
-39
0
193
361
-62
126
225
344
-49
-261
104
206
119
-412
319
-406
-192
-52
-100
-3
834
236
-15
-342
-89
277
80
228
395
-96
257
-71
-612
-280
187
179
137
534
-99
-530
446
-116
-287
213
462
-39
-253
-339
304
-36
-181
40
757
280
33
-251
388
-556
-441
783
165
164
416
-79
-544
262
-248
50
-151
359
-16
-17
394
-30
53
25
-397
-28
267
278
-264
306
279
32
-107
302
-848
-192
-318
-497
86
56
186
-133
13
18
394
-10
484
138
-303
167
189
179
-572
512
291
-260
135
49
1
-242
385
258
-361
-184
349
-363
-479
-185
-150
19
-105
-527
23
380
-288
-228
195
-8
-161
-380
-177
6
-141
80
259
-233
186
31
80
-187
-399
-159
-225
64
214
-141
-600
271
-221
-151
-60
235
352
229
-181
337
-361
290
111
-398
109
-112
-93
438
-123
-94
178
-483
-565
32
34
62
213
-74
171
373
-312
-37
162
-17
152
416
-317
-45
124
-32
-538
137
441
-7
304
-18
-59
-187
6
177
614
464
262
-220
164
-121
-377
-27
-276
375
628
74
-116
-197
-174
-118
-228
-532
73
92
76
4
158
115
-314
-706
234
54
-6
-171
93
-402
87
-25
-356
47
31
21
71
-320
215
-127
-332
248
-190
-118
-166
-5
-226
109
172
83
-4
134
393
121
-296
152
-459
229
-158
512
103
-313
-280
-150
-97
-75
-17
-332
279
-119
96
-155
115
-140
-224
247
-64
311
407
-371
34
49
174
-29
7
391
97
419
-232
-198
-435
-270
-17
153
-347
-593
5
-112
-149
-187
93
-7
117
67
7
-184
-307
-57
-594
-332
-90
39
33
-279
-361
479
276
-191
-311
60
-419
609
-604
-322
-92
-208
25
164
224
-940
-6
243
-31
-1084
-272
772
-309
95
31
-8
310
278
-42
-256
-775
443
380
517
103
-220
-284
-33
41
199
9
-14
-143
-211
83
-83
313
321
-113
-20
-233
-95
263
397
844
-133
-58
54
348
364
-40
197
-722
-140
-168
419
-33
-311
25
376
-32
-139
-187
26
-56
-302
-197
293
366
-311
92
294
-55
226
-130
-398
-429
102
291
166
-479
-175
-569
81
-557
398
354
-424
360
741
216
93
-173
-115
-611
286
-383
-223
74
84
310
337
-91
-126
103
90
-233
-87
74
-311
-164
-247
101
272
469
110
-135
-113
-319
-9
480
343
297
-341
-117
39
-118
33
513
162
35
-18
41
290
39
-533
209
482
468
-419
270
-306
40
73
25
324
-37
118
-50
-203
-479
215
185
664
147
122
5
-238
-628
-381
-140
250
-125
-49
220
315
348
75
-427
111
300
234
-88
397
141
54
-106
219
39
-215
-104
-264
-338
-37
383
-145
402
292
-476
110
-81
-46
-155
-347
-722
73
167
-460
39
4
-88
-238
-452
-484
280
29
-35
207
-160
65
132
-114
138
285
-205
3
454
65
-160
224
64
-57
-51
131
-9
256
-79
-39
-133
-31
-621
113
415
394
23
-286
542
398
-320
-47
-220
-43
-230
-377
137
-336
351
81
38
163
-150
-53
325
220
-223
-15
-98
115
82
43
-122
-602
203
553
-60
-48
373
-315
-33
289
12
235
71
-108
408
-32
17
-18
-526
236
297
-101
72
-231
-139
284
389
-178
368
-399
-136
358
4
396
-67
-351
281
-46
287
340
36
-113
49
11
314
467
322
184
-455
-213
-154
373
535
694
234
-318
-263
-105
-55
-7
220
-119
176
47
-117
153
273
-54
-101
-63
335
208
276
430
-385
-559
71
-217
-150
412
-202
-282
77
-196
-67
61
435
387
-223
119
-141
19
201
227
-678
-34
214
-115
-43
-586
126
526
-245
86
115
102
614
371
190
520
-503
250
154
-115
-167
-629
39
-47
-404
170
-184
-183
-267
-129
540
42
-156
42
344
450
-67
-371
54
75
151
357
-2
38
427
88
-82
-71
132
219
181
-140
73
80
698
293
-440
177
320
-290
317
-405
-180
60
-90
13
267
-130
-195
-666
269
291
52
-300
144
79
-239
476
362
740
23
-154
572
329
402
-255
-748
-322
-492
-64
-325
144
-520
-29
-605
313
-128
594
319
68
-78
-229
111
-633
401
301
-10
-27
-460
-94
163
-20
-8
-416
-175
-122
163
-273
-52
-252
-61
71
-261
16
294
414
-86
-115
-217
-558
29
-273
578
224
347
-118
637
191
-36
199
96
-338
111
-141
276
-81
-121
-132
-204
-108
305
-225
-81
-349
388
254
-769
305
-277
-250
92
-441
-151
251
432
-47
-149
161
-150
-52
-61
134
699
-256
-493
-35
-140
-507
37
206
834
-285
399
-76
-87
-1
-169
-157
138
-165
238
-308
143
159
711
168
137
331
-141
-200
-120
-88
119
83
-400
250
367
327
85
132
-267
-282
235
439
-13
-75
-46
-82
-57
212
367
285
364
-465
-164
293
-194
280
366
317
83
124
386
527
-314
477
-289
-181
-143
697
412
-301
-108
371
411
147
358
237
-47
21
220
-650
424
268
270
256
-44
146
102
-430
214
307
49
-165
-108
-130
-549
252
53
121
-543
-213
-146
456
18
63
-348
138
-110
-102
366
-295
23
-286
659
155
-67
279
71
178
494
481
-8
-309
-163
491
-370
311
15
-13
-38
74
-268
-111
-193
-24
428
452
-224
-151
234
157
-284
67
44
96
219
66
201
-489
-132
-147
-301
-56
-100
-241
224
489
321
-452
38
54
-506
109
-267
160
48
-10
-57
-88
-538
247
245
-330
338
-138
-250
6
660
-246
-223
-89
114
133
-458
-161
-319
-242
-79
-64
-307
68
-34
-444
-531
146
-58
434
68
-617
-209
-352
205
179
99
-296
192
-240
87
-217
21
119
283
-35
-220
-47
207
225
245
-90
234
184
341
-3
-331
38
56
-69
-128
-57
551
178
67
294
22
-155
94
242
-236
-48
509
-234
-220
741
486
132
-205
112
365
84
328
59
-198
182
-3
-671
-468
-135
-281
-429
129
-482
-353
245
118
-290
144
151
164
-37
462
-26
-316
312
-156
-196
-133
249
-229
-13
-59
-185
-212
230
239
147
186
180
355
214
-415
-625
45
-95
177
-457
147
-421
47
-494
219
454
-265
-69
-217
-205
169
101
160
227
595
314
-139
32
-396
372
315
230
-316
-95
105
-26
-278
-357
-164
-466
-388
417
241
-395
-159
-994
284
187
436
-149
144
216
-134
261
-321
94
191
408
11
-68
121
109
-416
-443
-51
327
101
-47
-158
-275
-200
128
-463
197
44
3
90
-151
334
-467
-309
119
124
377
467
-145
-23
-236
329
-2
204
65
-142
-202
-52
-45
298
-48
141
93
-229
-207
-596
-407
354
191
-35
286
-54
57
271
167
412
69
-81
172
88
77
-133
-186
3
-241
-18
-405
397
-77
-287
122
-582
704
12
-266
90
837
-386
-176
-109
-161
-565
293
555
-128
-72
69
-283
43
81
-60
65
-15
-116
128
6
-745
137
-29
36
116
-292
-520
-194
87
337
86
487
-309
-202
-67
167
131
53
-607
-448
371
-49
239
410
-45
-296
-254
-25
215
12
155
585
-321
-199
404
270
263
89
-13
-454
418
245
47
303
-43
-185
-42
-83
15
25
-74
-168
-235
-361
137
-641
-22
911
275
272
-51
87
229
-157
640
-238
114
31
1
-221
-96
32
-172
-390
237
-147
-42
-1
206
-390
-8
-35
-110
-313
150
98
-281
-210
-74
162
-33
-262
29
3
-273
-85
-120
34
-49
69
-195
-346
-198
213
-191
-267
-448
-233
-260
-471
280
-137
-99
274
97
-743
-194
392
-195
-18
-467
59
189
-230
823
-435
421
-213
-4
227
41
-325
-783
55
439
334
-145
252
-683
55
-608
181
-318
-288
-196
-18
73
216
-3
619
233
52
42
-156
-130
27
305
424
340
214
-645
431
538
527
299
-279
74
255
98
-41
659
-6
43
-25
23
-60
72
227
221
144
36
222
348
-112
88
8
-211
369
150
-99
294
-218
-152
87
-100
218
66
18
224
115
32
-11
326
-1
56
466
398
-37
-360
-116
-61
91
50
-469
77
-97
-337
133
-321
-171
-221
-769
163
356
-223
93
205
-967
-54
-344
97
461
107
360
3
602
63
-60
-8
65
-277
-313
261
54
163
-98
-187
-105
92
253
-162
251
161
6
195
45
-79
-200
249
250
74
-64
462
-329
-101
68
49
109
168
586
-124
115
883
185
83
-285
-707
215
443
183
-506
-370
-186
-188
40
217
-315
178
-200
277
202
-233
233
-483
236
38
-485
223
525
205
-32
-323
-6
-196
538
331
307
-120
498
87
-252
-165
-179
232
328
23
188
559
216
-29
-304
290
-23
582
101
269
232
117
95
104
304
-166
-242
-7
-95
231
310
118
-541
136
-26
-137
289
-126
-295
237
397
-111
107
-571
63
-545
430
67
265
-79
138
246
102
225
31
-114
-436
11
-494
164
-239
-32
92
-286
264
-79
242
55
-27
451
-109
33
134
545
404
-40
319
-56
-559
321
-458
13
-70
-93
76
317
-60
-5
-121
368
-169
351
566
181
201
255
386
-43
155
-236
-245
356
731
-205
37
-307
331
314
-5
232
35
175
-144
-450
-72
-56
-25
-251
-165
-246
93
275
-589
394
-177
26
503
-204
-81
206
115
-91
-162
1
-284
-25
-52
154
-348
148
118
-143
353
333
-445
92
-2
418
241
132
326
-24
-140
-8
-345
225
-1
-643
-70
-14
130
333
-234
81
30
74
365
88
301
395
51
-553
527
-219
-483
-65
-91
-186
-90
238
-14
-390
249
314
250
625
-42
-19
-143
263
359
332
-165
-286
236
-148
489
-183
-134
90
457
-26
336
-680
79
-226
-151
-4
100
-237
125
81
29
-348
-123
141
-131
18
-267
425
458
-76
93
-57
-155
45
131
-376
-115
425
-231
-172
35
-275
-522
-277
-18
41
-553
-344
143
-332
-128
171
212
-288
329
-138
-67
186
121
-15
154
90
140
246
493
-90
420
185
511
-82
-449
-160
376
25
-459
84
293
-338
318
440
181
489
156
-156
539
-126
578
95
-47
202
54
749
146
175
-426
-373
-48
954
355
-353
-229
625
463
355
58
229
182
-344
74
-218
-261
-141
-546
-147
-428
-22
86
234
50
176
-164
-268
-105
158
149
468
163
249
-127
254
260
-383
-19
303
603
298
-30
-459
-336
-8
335
-113
245
321
-461
323
587
-370
312
117
247
244
88
181
85
297
-365
157
181
-32
91
428
179
264
375
193
-124
254
-253
-146
-131
-3
52
666
-498
203
348
-396
-284
-202
278
-94
277
-517
227
-13
-7
-62
95
22
-127
37
-154
394
256
216
374
193
134
153
164
168
99
17
-573
-120
-148
131
-371
-59
-146
644
-48
-231
-82
-402
422
-364
-120
-26
513
275
-310
-74
-37
155
-151
-98
-515
299
151
185
105
-55
378
493
-237
194
-123
-447
-132
74
436
-399
-215
-2
-420
231
-77
-137
1
-63
-299
-373
-98
-123
-88
-261
-240
-58
190
-94
-351
204
-492
101
-153
130
52
660
55
-369
297
-126
90
307
289
-341
169
20
46
276
-122
160
-35
-44
-263
-401
-270
-504
372
126
-237
-88
-120
50
165
117
303
284
-142
318
286
238
97
-242
86
144
-343
-38
201
-12
-80
329
-188
-408
-95
-236
14
-52
-199
172
23
-19
8
-386
-493
-230
-422
243
145
-330
155
-404
260
-150
66
48
-35
-347
10
-191
-27
-210
-273
-182
-82
526
314
65
2
67
-60
153
333
274
43
438
180
101
78
293
-44
-206
-198
66
-241
-91
282
-320
